162
187
174
112
158
188
106
147
134
109
155
197
150
160
196
187
175
117
186
110
188
143
144
179
185
127
142
126
119
192
124
141
113
110
187
139
119
180
123
141
193
118
102
163
110
172
114
121
100
169
131
162
112
121
111
168
186
137
192
149
170
149
135
199
148
122
116
145
121
117
199
156
159
197
124
174
1000084
1000080
143
174
133
152
130
193
189
114
198
152
116
130
104
111
110
129
190
120
195
159
165
162
195
155
106
172
169
123
151
178
138
107
175
112
122
130
175
108
135
178
115
122
189
189
133
110
131
112
196
180
126
125
131
139
185
161
117
153
129
183
135
173
105
118
142
184
196
111
112
127
100
153
1000009
1000093
121
168
140
157
135
133
119
126
145
117
153
100
193
162
138
116
158
178
173
127
155
178
147
166
122
173
102
150
182
108
171
196
105
143
136
191
180
111
181
141
150
163
114
154
115
132
184
197
157
127
